280.2
184.84
270.0
277.0
77.8
43.0
144.0
324.0
261.13
200.1
270.0
277.0
117.64
43.0
144.0
324.0
248.92
209.86
270.0
277.0
149.51
43.0
144.0
324.0
241.11
216.11
270.0
277.0
175.01
43.0
144.0
324.0
236.11
220.11
270.0
277.0
195.41
43.0
144.0
324.0
232.91
222.67
270.0
277.0
211.73
43.0
144.0
324.0
230.86
224.31
270.0
277.0
224.78
43.0
144.0
324.0
229.55
225.36
270.0
277.0
235.22
43.0
144.0
324.0
228.71
226.03
270.0
277.0
243.58
43.0
144.0
324.0
228.17
226.46
270.0
277.0
250.26
43.0
144.0
324.0
227.83
226.73
270.0
277.0
255.61
43.0
144.0
324.0
227.61
226.91
270.0
277.0
259.89
43.0
144.0
324.0
227.47
227.02
270.0
277.0
263.31
43.0
144.0
324.0
227.38
227.09
270.0
277.0
266.05
43.0
144.0
324.0
227.32
227.14
270.0
277.0
268.24
43.0
144.0
324.0
227.28
227.17
270.0
277.0
269.99
43.0
144.0
324.0
227.26
227.19
270.0
277.0
271.39
43.0
144.0
324.0
227.25
227.2
270.0
277.0
272.51
43.0
144.0
324.0
227.24
227.21
270.0
277.0
273.41
43.0
144.0
324.0
227.23
227.21
270.0
277.0
274.13
43.0
144.0
324.0
227.23
227.21
270.0
277.0
274.7
43.0
144.0
324.0
227.23
227.21
270.0
277.0
275.16
43.0
144.0
324.0
227.23
227.21
270.0
277.0
275.53
43.0
144.0
324.0
227.23
227.21
270.0
277.0
275.82
43.0
144.0
324.0
227.23
227.21
270.0
277.0
276.06
43.0
144.0
324.0
227.23
227.21
270.0
277.0
276.25
43.0
144.0
324.0
227.23
227.21
270.0
277.0
276.4
43.0
144.0
324.0
227.23
227.21
270.0
277.0
276.52
43.0
144.0
324.0
227.23
227.21
270.0
277.0
276.62
43.0
144.0
324.0
227.23
227.21
270.0
277.0
276.7
43.0
144.0
324.0
227.23
227.21
270.0
277.0
276.76
43.0
144.0
324.0
227.23
227.21
270.0
277.0
276.81
43.0
144.0
324.0
227.23
227.21
270.0
277.0
276.85
43.0
144.0
324.0
227.23
227.21
270.0
277.0
276.88
43.0
144.0
324.0
227.23
227.21
270.0
277.0
276.9
43.0
144.0
324.0
227.23
227.21
270.0
277.0
276.92
43.0
144.0
324.0
227.23
227.21
270.0
277.0
276.94
43.0
144.0
324.0
227.23
227.21
270.0
277.0
276.95
43.0
144.0
324.0
227.23
227.21
270.0
277.0
276.96
43.0
144.0
324.0
227.23
227.21
270.0
277.0
276.97
43.0
144.0
324.0
227.23
227.21
270.0
277.0
276.98
43.0
144.0
324.0
227.23
227.21
270.0
277.0
276.98
43.0
144.0
324.0
227.23
227.21
270.0
277.0
276.98
43.0
144.0
324.0
227.23
227.21
270.0
277.0
276.98
43.0
144.0
324.0
227.23
227.21
270.0
277.0
276.98
43.0
144.0
324.0
227.23
227.21
270.0
277.0
276.98
43.0
144.0
324.0
227.23
227.21
270.0
277.0
276.98
43.0
144.0
324.0
227.23
227.21
270.0
277.0
276.98
43.0
144.0
324.0
227.23
227.21
270.0
277.0
276.98
43.0
144.0
324.0
227.23
227.21
270.0
277.0
276.98
43.0
144.0
324.0
227.23
227.21
270.0
277.0
276.98
43.0
144.0
324.0
227.23
227.21
270.0
277.0
276.98
43.0
144.0
324.0
227.23
227.21
270.0
277.0
276.98
43.0
144.0
324.0
227.23
227.21
270.0
277.0
276.98
43.0
144.0
324.0
227.23
227.21
270.0
277.0
276.98
43.0
144.0
324.0
227.23
227.21
270.0
277.0
276.98
43.0
144.0
324.0
227.23
227.21
270.0
277.0
276.98
43.0
144.0
324.0
227.23
227.21
270.0
277.0
276.98
43.0
144.0
324.0
227.23
227.21
270.0
277.0
276.98
43.0
144.0
324.0
227.23
227.21
270.0
277.0
276.98
43.0
144.0
324.0
227.23
227.21
270.0
277.0
276.98
43.0
144.0
324.0
227.23
227.21
270.0
277.0
276.98
43.0
144.0
324.0
227.23
227.21
270.0
277.0
276.98
43.0
144.0
324.0
227.23
227.21
270.0
277.0
276.98
43.0
144.0
324.0
227.23
227.21
270.0
277.0
276.98
43.0
144.0
324.0
227.23
227.21
270.0
277.0
276.98
43.0
144.0
324.0
227.23
227.21
270.0
277.0
276.98
43.0
144.0
324.0
227.23
227.21
270.0
277.0
276.98
43.0
144.0
324.0
227.23
227.21
270.0
277.0
276.98
43.0
144.0
324.0
227.23
227.21
270.0
277.0
276.98
43.0
144.0
324.0
227.23
227.21
270.0
277.0
276.98
43.0
144.0
324.0
227.23
227.21
270.0
277.0
276.98
43.0
144.0
324.0
227.23
227.21
270.0
277.0
276.98
43.0
144.0
324.0
227.23
227.21
270.0
277.0
276.98
43.0
144.0
324.0
227.23
227.21
270.0
277.0
276.98
43.0
144.0
324.0
227.23
227.21
270.0
277.0
276.98
43.0
144.0
324.0
227.23
227.21
270.0
277.0
276.98
43.0
144.0
324.0
227.23
227.21
270.0
277.0
276.98
43.0
144.0
324.0
227.23
227.21
270.0
277.0
276.98
43.0
144.0
324.0
227.23
227.21
270.0
277.0
276.98
43.0
144.0
324.0
227.23
227.21
270.0
277.0
276.98
43.0
144.0
324.0
227.23
227.21
270.0
277.0
276.98
43.0
144.0
324.0
227.23
227.21
270.0
277.0
276.98
43.0
144.0
324.0
227.23
227.21
270.0
277.0
276.98
43.0
144.0
324.0
227.23
227.21
270.0
277.0
276.98
43.0
144.0
324.0
227.23
227.21
270.0
277.0
276.98
43.0
144.0
324.0
227.23
227.21
270.0
277.0
276.98
43.0
144.0
324.0
227.23
227.21
270.0
277.0
276.98
43.0
144.0
324.0
227.23
227.21
270.0
277.0
276.98
43.0
144.0
324.0
227.23
227.21
270.0
277.0
276.98
43.0
144.0
324.0
227.23
227.21
270.0
277.0
276.98
43.0
144.0
324.0
227.23
227.21
270.0
277.0
276.98
43.0
144.0
324.0
227.23
227.21
270.0
277.0
276.98
43.0
144.0
324.0
227.23
227.21
270.0
277.0
276.98
43.0
144.0
324.0
227.23
227.21
270.0
277.0
276.98
43.0
144.0
324.0
227.23
227.21
270.0
277.0
276.98
43.0
144.0
324.0
227.23
227.21
270.0
277.0
276.98
43.0
144.0
324.0
227.23
227.21
270.0
277.0
276.98
43.0
144.0
324.0
227.23
227.21
270.0
277.0
276.98
43.0
144.0
324.0
227.23
227.21
270.0
277.0
276.98
43.0
144.0
324.0
227.23
227.21
270.0
277.0
276.98
43.0
144.0
324.0
227.23
227.21
270.0
277.0
276.98
43.0
144.0
324.0
227.23
227.21
270.0
277.0
276.98
43.0
144.0
324.0
227.23
227.21
270.0
277.0
276.98
43.0
144.0
324.0
227.23
227.21
270.0
277.0
276.98
43.0
144.0
324.0
227.23
227.21
270.0
277.0
276.98
43.0
144.0
324.0
227.23
227.21
270.0
277.0
276.98
43.0
144.0
324.0
227.23
227.21
270.0
277.0
276.98
43.0
144.0
324.0
227.23
227.21
270.0
277.0
276.98
43.0
144.0
324.0
227.23
227.21
270.0
277.0
276.98
43.0
144.0
324.0
227.23
227.21
270.0
277.0
276.98
43.0
144.0
324.0
227.23
227.21
270.0
277.0
276.98
43.0
144.0
324.0
227.23
227.21
270.0
277.0
276.98
43.0
144.0
324.0
227.23
227.21
270.0
277.0
276.98
43.0
144.0
324.0
227.23
227.21
270.0
277.0
276.98
43.0
144.0
324.0
227.23
227.21
270.0
277.0
276.98
43.0
144.0
324.0
227.23
227.21
270.0
277.0
276.98
43.0
144.0
324.0
227.23
227.21
270.0
277.0
276.98
43.0
144.0
324.0
227.23
227.21
270.0
277.0
276.98
43.0
144.0
324.0
227.23
227.21
270.0
277.0
276.98
43.0
144.0
324.0
227.23
227.21
270.0
277.0
276.98
43.0
144.0
324.0
227.23
227.21
270.0
277.0
276.98
43.0
144.0
324.0
227.23
227.21
270.0
277.0
276.98
43.0
144.0
324.0
227.23
227.21
270.0
277.0
276.98
43.0
144.0
324.0
227.23
227.21
270.0
277.0
276.98
43.0
144.0
324.0
227.23
227.21
270.0
277.0
276.98
43.0
144.0
324.0
227.23
227.21
270.0
277.0
276.98
43.0
144.0
324.0
227.23
227.21
270.0
277.0
276.98
43.0
144.0
324.0
227.23
227.21
270.0
277.0
276.98
43.0
144.0
324.0
227.23
227.21
270.0
277.0
276.98
43.0
144.0
324.0
227.23
227.21
270.0
277.0
276.98
43.0
144.0
324.0
227.23
227.21
270.0
277.0
276.98
43.0
144.0
324.0
227.23
227.21
270.0
277.0
276.98
43.0
144.0
324.0
227.23
227.21
270.0
277.0
276.98
43.0
144.0
324.0
227.23
227.21
270.0
277.0
276.98
43.0
144.0
324.0
227.23
227.21
270.0
277.0
276.98
43.0
144.0
324.0
227.23
227.21
270.0
277.0
276.98
43.0
144.0
324.0
227.23
227.21
270.0
277.0
276.98
43.0
144.0
324.0
227.23
227.21
270.0
277.0
276.98
43.0
144.0
324.0
227.23
227.21
270.0
277.0
276.98
43.0
144.0
324.0
227.23
227.21
270.0
277.0
276.98
43.0
144.0
324.0
227.23
227.21
270.0
277.0
276.98
43.0
144.0
324.0
227.23
227.21
270.0
277.0
276.98
43.0
144.0
324.0
227.23
227.21
270.0
277.0
276.98
43.0
144.0
324.0
227.23
227.21
270.0
277.0
276.98
43.0
144.0
324.0
227.23
227.21
270.0
277.0
276.98
43.0
144.0
324.0
227.23
227.21
270.0
277.0
276.98
43.0
144.0
324.0
227.23
227.21
270.0
277.0
276.98
43.0
144.0
324.0
227.23
227.21
270.0
277.0
276.98
43.0
144.0
324.0
227.23
227.21
270.0
277.0
276.98
43.0
144.0
324.0
227.23
227.21
270.0
277.0
276.98
43.0
144.0
324.0
227.23
227.21
270.0
277.0
276.98
43.0
144.0
324.0
227.23
227.21
270.0
277.0
276.98
43.0
144.0
324.0
227.23
227.21
270.0
277.0
276.98
43.0
144.0
324.0
227.23
227.21
270.0
277.0
276.98
43.0
144.0
324.0
227.23
227.21
270.0
277.0
276.98
43.0
144.0
324.0
227.23
227.21
270.0
277.0
276.98
43.0
144.0
324.0
227.23
227.21
270.0
277.0
276.98
43.0
144.0
324.0
227.23
227.21
270.0
277.0
276.98
43.0
144.0
324.0
227.23
227.21
270.0
277.0
276.98
43.0
144.0
324.0
227.23
227.21
270.0
277.0
276.98
43.0
144.0
324.0
227.23
227.21
270.0
277.0
276.98
43.0
144.0
324.0
227.23
227.21
270.0
277.0
276.98
43.0
144.0
324.0
227.23
227.21
270.0
277.0
276.98
43.0
144.0
324.0
227.23
227.21
270.0
277.0
276.98
43.0
144.0
324.0
227.23
227.21
270.0
277.0
276.98
43.0
144.0
324.0
227.23
227.21
270.0
277.0
276.98
43.0
144.0
324.0
227.23
227.21
270.0
277.0
276.98
43.0
144.0
324.0
227.23
227.21
270.0
277.0
276.98
43.0
144.0
324.0
227.23
227.21
270.0
277.0
276.98
43.0
144.0
324.0
227.23
227.21
270.0
277.0
276.98
43.0
144.0
324.0
227.23
227.21
270.0
277.0
276.98
43.0
144.0
324.0
227.23
227.21
270.0
277.0
276.98
43.0
144.0
324.0
227.23
227.21
270.0
277.0
276.98
43.0
144.0
324.0
227.23
227.21
270.0
277.0
276.98
43.0
144.0
324.0
227.23
227.21
270.0
277.0
276.98
43.0
144.0
324.0
227.23
227.21
270.0
277.0
276.98
43.0
144.0
324.0
227.23
227.21
270.0
277.0
276.98
43.0
144.0
324.0
227.23
227.21
270.0
277.0
276.98
43.0
144.0
324.0
227.23
227.21
270.0
277.0
276.98
43.0
144.0
324.0
227.23
227.21
270.0
277.0
276.98
43.0
144.0
324.0
227.23
227.21
270.0
277.0
276.98
43.0
144.0
324.0
227.23
227.21
270.0
277.0
276.98
43.0
144.0
324.0
227.23
227.21
270.0
277.0
276.98
43.0
144.0
324.0
227.23
227.21
270.0
277.0
276.98
43.0
144.0
324.0
227.23
227.21
270.0
277.0
276.98
43.0
144.0
324.0
227.23
227.21
270.0
277.0
276.98
43.0
144.0
324.0
227.23
227.21
270.0
277.0
276.98
43.0
144.0
324.0
227.23
227.21
270.0
277.0
276.98
43.0
144.0
324.0
227.23
227.21
270.0
277.0
276.98
43.0
144.0
324.0
227.23
227.21
270.0
277.0
276.98
43.0
144.0
324.0
227.23
227.21
270.0
277.0
276.98
43.0
170.6
324.0
227.23
227.21
270.0
277.0
276.98
43.0
191.88
324.0
227.23
227.21
270.0
277.0
276.98
43.0
208.9
324.0
227.23
227.21
270.0
277.0
276.98
43.0
222.52
324.0
227.23
227.21
270.0
277.0
276.98
43.0
233.42
324.0
227.23
227.21
270.0
277.0
276.98
43.0
242.14
324.0
227.23
227.21
270.0
277.0
276.98
43.0
249.11
324.0
227.23
227.21
270.0
277.0
276.98
43.0
254.69
324.0
227.23
227.21
270.0
277.0
276.98
43.0
259.15
324.0
227.23
227.21
270.0
277.0
276.98
43.0
262.72
324.0
227.23
227.21
270.0
277.0
276.98
43.0
265.58
324.0
227.23
227.21
270.0
277.0
276.98
43.0
267.86
324.0
227.23
227.21
270.0
277.0
276.98
43.0
269.69
324.0
227.23
227.21
270.0
277.0
276.98
43.0
271.15
324.0
227.23
227.21
270.0
277.0
276.98
43.0
272.32
324.0
227.23
227.21
270.0
277.0
276.98
43.0
273.26
324.0
227.23
227.21
270.0
277.0
276.98
43.0
274.01
324.0
227.23
227.21
270.0
277.0
276.98
43.0
274.61
324.0
227.23
227.21
270.0
277.0
276.98
43.0
275.09
324.0
227.23
227.21
270.0
277.0
276.98
43.0
275.47
324.0
227.23
227.21
270.0
277.0
276.98
43.0
275.78
324.0
227.23
227.21
270.0
277.0
276.98
43.0
276.02
324.0
227.23
227.21
270.0
277.0
276.98
43.0
276.22
324.0
227.23
227.21
270.0
277.0
276.98
43.0
276.38
324.0
227.23
227.21
270.0
277.0
276.98
43.0
276.5
324.0
227.23
227.21
270.0
277.0
276.98
43.0
276.6
324.0
227.23
227.21
270.0
277.0
276.98
43.0
276.68
324.0
227.23
227.21
270.0
277.0
276.98
43.0
276.74
324.0
227.23
227.21
270.0
277.0
276.98
43.0
276.79
324.0
227.23
227.21
270.0
277.0
276.98
43.0
276.83
324.0
227.23
227.21
270.0
277.0
276.98
43.0
276.86
324.0
227.23
227.21
270.0
277.0
276.98
43.0
276.89
324.0
227.23
227.21
270.0
277.0
276.98
43.0
276.91
324.0
227.23
227.21
270.0
277.0
276.98
43.0
276.93
324.0
227.23
227.21
270.0
277.0
276.98
43.0
276.94
324.0
227.23
227.21
270.0
277.0
276.98
43.0
276.95
324.0
227.23
227.21
270.0
277.0
276.98
43.0
276.96
324.0
227.23
227.21
270.0
277.0
276.98
43.0
276.97
324.0
227.23
227.21
270.0
277.0
276.98
43.0
276.98
324.0
227.23
227.21
270.0
277.0
276.98
43.0
276.98
324.0
227.23
227.21
270.0
277.0
276.98
43.0
276.98
324.0
227.23
227.21
270.0
277.0
276.98
43.0
276.98
324.0
227.23
227.21
270.0
277.0
276.98
43.0
276.98
324.0
227.23
227.21
270.0
277.0
276.98
43.0
276.98
324.0
227.23
227.21
270.0
277.0
276.98
43.0
276.98
324.0
227.23
227.21
270.0
277.0
276.98
43.0
276.98
324.0
227.23
227.21
270.0
277.0
276.98
43.0
276.98
324.0
227.23
227.21
270.0
277.0
276.98
43.0
276.98
324.0
227.23
227.21
270.0
277.0
276.98
43.0
276.98
324.0
227.23
227.21
270.0
277.0
276.98
43.0
276.98
324.0
227.23
227.21
270.0
277.0
276.98
43.0
276.98
324.0
227.23
227.21
270.0
277.0
276.98
43.0
276.98
324.0
227.23
227.21
270.0
277.0
276.98
43.0
276.98
324.0
227.23
227.21
270.0
277.0
276.98
43.0
276.98
324.0
227.23
227.21
270.0
277.0
276.98
43.0
276.98
324.0
227.23
227.21
270.0
277.0
276.98
43.0
276.98
324.0
227.23
227.21
270.0
277.0
276.98
43.0
276.98
324.0
227.23
227.21
270.0
277.0
276.98
43.0
276.98
324.0
227.23
227.21
270.0
277.0
276.98
43.0
276.98
324.0
227.23
227.21
270.0
277.0
276.98
43.0
276.98
324.0
227.23
227.21
270.0
277.0
276.98
43.0
276.98
324.0
227.23
227.21
270.0
277.0
276.98
43.0
276.98
324.0
227.23
227.21
270.0
277.0
276.98
43.0
276.98
324.0
227.23
227.21
270.0
277.0
276.98
43.0
276.98
324.0
227.23
227.21
270.0
277.0
276.98
43.0
276.98
324.0
227.23
227.21
270.0
277.0
276.98
43.0
276.98
324.0
227.23
227.21
270.0
277.0
276.98
43.0
276.98
324.0
227.23
227.21
270.0
277.0
276.98
43.0
276.98
324.0
227.23
227.21
270.0
277.0
276.98
43.0
276.98
324.0
227.23
227.21
270.0
277.0
276.98
43.0
276.98
324.0
227.23
227.21
270.0
277.0
276.98
43.0
276.98
324.0
227.23
227.21
270.0
277.0
276.98
43.0
276.98
324.0
227.23
227.21
270.0
277.0
276.98
43.0
276.98
324.0
227.23
227.21
270.0
277.0
276.98
43.0
276.98
324.0
227.23
227.21
270.0
277.0
276.98
43.0
276.98
324.0
227.23
227.21
270.0
277.0
276.98
43.0
276.98
324.0
227.23
227.21
270.0
277.0
276.98
43.0
276.98
324.0
227.23
227.21
270.0
277.0
276.98
43.0
276.98
324.0
227.23
227.21
270.0
277.0
276.98
43.0
276.98
324.0
227.23
227.21
270.0
277.0
276.98
43.0
276.98
324.0
227.23
227.21
270.0
277.0
276.98
43.0
276.98
324.0
227.23
227.21
270.0
277.0
276.98
43.0
276.98
324.0
227.23
227.21
270.0
277.0
276.98
43.0
276.98
324.0
227.23
227.21
270.0
277.0
276.98
43.0
276.98
324.0
227.23
227.21
270.0
277.0
276.98
43.0
276.98
324.0
227.23
227.21
270.0
277.0
276.98
43.0
276.98
324.0
227.23
227.21
270.0
277.0
276.98
43.0
276.98
324.0
227.23
227.21
270.0
277.0
276.98
43.0
276.98
324.0
227.23
227.21
270.0
277.0
276.98
43.0
276.98
324.0
227.23
227.21
270.0
277.0
276.98
43.0
276.98
324.0
227.23
227.21
270.0
277.0
276.98
43.0
276.98
324.0
227.23
227.21
270.0
277.0
276.98
43.0
276.98
324.0
227.23
227.21
270.0
277.0
276.98
43.0
276.98
324.0
227.23
227.21
270.0
277.0
276.98
43.0
276.98
324.0
227.23
227.21
270.0
277.0
276.98
43.0
276.98
324.0
227.23
227.21
270.0
277.0
276.98
43.0
276.98
324.0
227.23
227.21
270.0
277.0
276.98
43.0
276.98
324.0
227.23
227.21
270.0
277.0
276.98
43.0
276.98
324.0
227.23
227.21
270.0
277.0
276.98
43.0
276.98
324.0
227.23
227.21
270.0
277.0
276.98
43.0
276.98
324.0
227.23
227.21
270.0
277.0
276.98
43.0
276.98
324.0
227.23
227.21
270.0
277.0
276.98
43.0
276.98
324.0
227.23
227.21
270.0
277.0
276.98
43.0
276.98
324.0
227.23
227.21
270.0
277.0
276.98
43.0
276.98
324.0
227.23
227.21
270.0
277.0
276.98
43.0
276.98
324.0
227.23
227.21
270.0
277.0
276.98
43.0
276.98
324.0
227.23
227.21
270.0
277.0
276.98
43.0
276.98
324.0
227.23
227.21
270.0
277.0
276.98
43.0
276.98
324.0
227.23
227.21
270.0
277.0
276.98
43.0
276.98
324.0
227.23
227.21
270.0
277.0
276.98
43.0
276.98
324.0
227.23
227.21
270.0
277.0
276.98
43.0
276.98
324.0
227.23
227.21
270.0
277.0
276.98
43.0
276.98
324.0
227.23
227.21
270.0
277.0
276.98
43.0
276.98
324.0
227.23
227.21
270.0
277.0
276.98
43.0
276.98
324.0
227.23
227.21
270.0
277.0
276.98
43.0
276.98
324.0
227.23
227.21
270.0
277.0
276.98
43.0
276.98
324.0
227.23
227.21
270.0
277.0
276.98
43.0
276.98
324.0
227.23
227.21
270.0
277.0
276.98
43.0
276.98
324.0
227.23
227.21
270.0
277.0
276.98
43.0
276.98
324.0
227.23
227.21
270.0
277.0
276.98
43.0
276.98
324.0
227.23
227.21
270.0
277.0
276.98
43.0
276.98
324.0
227.23
227.21
270.0
277.0
276.98
43.0
276.98
324.0
227.23
227.21
270.0
277.0
276.98
43.0
276.98
324.0
227.23
227.21
270.0
277.0
276.98
43.0
276.98
324.0
227.23
227.21
270.0
277.0
276.98
43.0
276.98
324.0
227.23
227.21
270.0
277.0
276.98
43.0
276.98
324.0
227.23
227.21
270.0
277.0
276.98
43.0
276.98
324.0
227.23
227.21
270.0
277.0
276.98
43.0
276.98
324.0
227.23
227.21
270.0
277.0
276.98
43.0
276.98
324.0
227.23
227.21
270.0
277.0
276.98
43.0
276.98
324.0
227.23
227.21
270.0
277.0
276.98
43.0
276.98
324.0
227.23
227.21
270.0
277.0
276.98
43.0
276.98
324.0
227.23
227.21
270.0
277.0
276.98
43.0
276.98
324.0
227.23
227.21
270.0
277.0
276.98
43.0
276.98
324.0
227.23
227.21
270.0
277.0
276.98
43.0
276.98
324.0
227.23
227.21
270.0
277.0
276.98
43.0
276.98
324.0
227.23
227.21
270.0
277.0
276.98
43.0
276.98
324.0
227.23
227.21
270.0
277.0
276.98
43.0
276.98
324.0
227.23
227.21
270.0
277.0
276.98
43.0
276.98
324.0
227.23
227.21
270.0
277.0
276.98
43.0
276.98
324.0
227.23
227.21
270.0
277.0
276.98
43.0
276.98
324.0
227.23
227.21
270.0
277.0
276.98
43.0
276.98
324.0
227.23
227.21
270.0
277.0
276.98
43.0
276.98
324.0
227.23
227.21
270.0
277.0
276.98
43.0
276.98
324.0
227.23
227.21
270.0
277.0
276.98
43.0
276.98
324.0
227.23
227.21
270.0
277.0
276.98
43.0
276.98
324.0
227.23
227.21
270.0
277.0
276.98
43.0
276.98
324.0
227.23
227.21
270.0
277.0
276.98
43.0
276.98
324.0
227.23
227.21
270.0
277.0
276.98
43.0
276.98
324.0
227.23
227.21
270.0
277.0
276.98
43.0
276.98
324.0
227.23
227.21
270.0
277.0
276.98
43.0
276.98
324.0
227.23
227.21
270.0
277.0
276.98
43.0
276.98
324.0
227.23
227.21
270.0
277.0
276.98
43.0
276.98
324.0
227.23
227.21
270.0
277.0
276.98
43.0
276.98
324.0
227.23
227.21
270.0
277.0
276.98
43.0
276.98
324.0
227.23
227.21
270.0
277.0
276.98
43.0
276.98
324.0
227.23
227.21
270.0
277.0
276.98
43.0
276.98
324.0
227.23
227.21
270.0
277.0
276.98
43.0
276.98
324.0
227.23
227.21
270.0
277.0
276.98
43.0
276.98
324.0
227.23
227.21
270.0
277.0
276.98
43.0
276.98
324.0
227.23
227.21
270.0
277.0
276.98
43.0
276.98
324.0
227.23
227.21
270.0
277.0
276.98
43.0
276.98
324.0
227.23
227.21
270.0
277.0
276.98
43.0
276.98
324.0
227.23
227.21
270.0
277.0
276.98
43.0
276.98
324.0
227.23
227.21
270.0
277.0
276.98
43.0
276.98
324.0
227.23
227.21
270.0
277.0
276.98
43.0
276.98
324.0
227.23
227.21
270.0
277.0
276.98
43.0
276.98
324.0
227.23
227.21
270.0
277.0
276.98
43.0
276.98
324.0
227.23
227.21
270.0
277.0
276.98
43.0
276.98
324.0
227.23
227.21
270.0
277.0
276.98
43.0
276.98
324.0
227.23
227.21
270.0
277.0
276.98
43.0
276.98
324.0
227.23
227.21
270.0
277.0
276.98
43.0
276.98
324.0
227.23
227.21
270.0
277.0
276.98
43.0
276.98
324.0
227.23
227.21
270.0
277.0
276.98
43.0
276.98
324.0
227.23
227.21
270.0
277.0
276.98
43.0
276.98
324.0
227.23
227.21
270.0
277.0
276.98
43.0
276.98
324.0
227.23
227.21
270.0
277.0
276.98
43.0
276.98
324.0
227.23
227.21
270.0
277.0
276.98
43.0
276.98
324.0
227.23
227.21
270.0
277.0
276.98
43.0
276.98
324.0
227.23
227.21
270.0
277.0
276.98
43.0
276.98
324.0
227.23
227.21
270.0
277.0
276.98
43.0
276.98
324.0
227.23
227.21
270.0
277.0
276.98
43.0
276.98
324.0
227.23
227.21
270.0
277.0
276.98
43.0
276.98
324.0
227.23
227.21
270.0
277.0
276.98
43.0
276.98
324.0
227.23
227.21
270.0
277.0
276.98
43.0
276.98
324.0
227.23
227.21
270.0
277.0
276.98
43.0
276.98
324.0
227.23
227.21
270.0
277.0
276.98
43.0
276.98
324.0
227.23
227.21
270.0
277.0
276.98
43.0
276.98
324.0
227.23
227.21
270.0
277.0
276.98
43.0
276.98
324.0
227.23
227.21
270.0
277.0
276.98
43.0
276.98
324.0
227.23
227.21
270.0
277.0
276.98
43.0
276.98
324.0
227.23
227.21
270.0
277.0
276.98
43.0
276.98
324.0
227.23
227.21
270.0
277.0
276.98
43.0
276.98
324.0
34.4
144.48
50.0
208.0
72.0
212.0
155.0
267.0
56.42
126.87
50.0
208.0
99.2
212.0
155.0
267.0
70.51
115.6
50.0
208.0
120.96
212.0
155.0
267.0
79.53
108.39
50.0
208.0
138.37
212.0
155.0
267.0
85.3
103.77
50.0
208.0
152.3
212.0
155.0
267.0
88.99
100.81
50.0
208.0
163.44
212.0
155.0
267.0
91.35
98.92
50.0
208.0
172.35
212.0
155.0
267.0
92.86
97.71
50.0
208.0
179.48
212.0
155.0
267.0
93.83
96.93
50.0
208.0
185.18
212.0
155.0
267.0
94.45
96.43
50.0
208.0
189.74
212.0
155.0
267.0
94.85
96.11
50.0
208.0
193.39
212.0
155.0
267.0
95.1
95.91
50.0
208.0
196.31
212.0
155.0
267.0
95.26
95.78
50.0
208.0
198.65
212.0
155.0
267.0
95.36
95.7
50.0
208.0
200.52
212.0
155.0
267.0
95.43
95.65
50.0
208.0
202.02
212.0
155.0
267.0
95.47
95.61
50.0
208.0
203.22
212.0
155.0
267.0
95.5
95.59
50.0
208.0
204.18
212.0
155.0
267.0
95.52
95.58
50.0
208.0
204.94
212.0
155.0
267.0
95.53
95.57
50.0
208.0
205.55
212.0
155.0
267.0
95.54
95.56
50.0
208.0
206.04
212.0
155.0
267.0
95.54
95.56
50.0
208.0
206.43
212.0
155.0
267.0
95.54
95.56
50.0
208.0
206.74
212.0
155.0
267.0
95.54
95.56
50.0
208.0
206.99
212.0
155.0
267.0
95.54
95.56
50.0
208.0
207.19
212.0
155.0
267.0
95.54
95.56
50.0
208.0
207.35
212.0
155.0
267.0
95.54
95.56
50.0
208.0
207.48
212.0
155.0
267.0
95.54
95.56
50.0
208.0
207.58
212.0
155.0
267.0
95.54
95.56
50.0
208.0
207.66
212.0
155.0
267.0
95.54
95.56
50.0
208.0
207.73
212.0
155.0
267.0
95.54
95.56
50.0
208.0
207.78
212.0
155.0
267.0
95.54
95.56
50.0
208.0
207.82
212.0
155.0
267.0
95.54
95.56
50.0
208.0
207.86
212.0
155.0
267.0
95.54
95.56
50.0
208.0
207.89
212.0
155.0
267.0
95.54
95.56
50.0
208.0
207.91
212.0
155.0
267.0
95.54
95.56
50.0
208.0
207.93
212.0
155.0
267.0
95.54
95.56
50.0
208.0
207.94
212.0
155.0
267.0
95.54
95.56
50.0
208.0
207.95
212.0
155.0
267.0
95.54
95.56
50.0
208.0
207.96
212.0
155.0
267.0
95.54
95.56
50.0
208.0
207.97
212.0
155.0
267.0
95.54
95.56
50.0
208.0
207.98
212.0
155.0
267.0
95.54
95.56
50.0
208.0
207.98
212.0
155.0
267.0
95.54
95.56
50.0
208.0
207.98
212.0
155.0
267.0
95.54
95.56
50.0
208.0
207.98
212.0
155.0
267.0
95.54
95.56
50.0
208.0
207.98
212.0
155.0
267.0
95.54
95.56
50.0
208.0
207.98
212.0
155.0
267.0
95.54
95.56
50.0
208.0
207.98
212.0
155.0
267.0
95.54
95.56
50.0
208.0
207.98
212.0
155.0
267.0
95.54
95.56
50.0
208.0
207.98
212.0
155.0
267.0
95.54
95.56
50.0
208.0
207.98
212.0
155.0
267.0
95.54
95.56
50.0
208.0
207.98
212.0
155.0
267.0
95.54
95.56
50.0
208.0
207.98
212.0
155.0
267.0
95.54
95.56
50.0
208.0
207.98
212.0
155.0
267.0
95.54
95.56
50.0
208.0
207.98
212.0
155.0
267.0
95.54
95.56
50.0
208.0
207.98
212.0
155.0
267.0
95.54
95.56
50.0
208.0
207.98
212.0
155.0
267.0
95.54
95.56
50.0
208.0
207.98
212.0
155.0
267.0
95.54
95.56
50.0
208.0
207.98
212.0
155.0
267.0
95.54
95.56
50.0
208.0
207.98
212.0
155.0
267.0
95.54
95.56
50.0
208.0
207.98
212.0
155.0
267.0
95.54
95.56
50.0
208.0
207.98
212.0
155.0
267.0
95.54
95.56
50.0
208.0
207.98
212.0
155.0
267.0
95.54
95.56
50.0
208.0
207.98
212.0
155.0
267.0
95.54
95.56
50.0
208.0
207.98
212.0
155.0
267.0
95.54
95.56
50.0
208.0
207.98
212.0
155.0
267.0
95.54
95.56
50.0
208.0
207.98
212.0
155.0
267.0
95.54
95.56
50.0
208.0
207.98
212.0
155.0
267.0
95.54
95.56
50.0
208.0
207.98
212.0
155.0
267.0
95.54
95.56
50.0
208.0
207.98
212.0
155.0
267.0
95.54
95.56
50.0
208.0
207.98
212.0
155.0
267.0
95.54
95.56
50.0
208.0
207.98
212.0
155.0
267.0
95.54
95.56
50.0
208.0
207.98
212.0
155.0
267.0
95.54
95.56
50.0
208.0
207.98
212.0
155.0
267.0
95.54
95.56
50.0
208.0
207.98
212.0
155.0
267.0
95.54
95.56
50.0
176.4
207.98
212.0
159.28
267.0
95.54
95.56
75.28
176.4
201.66
212.0
159.28
267.0
95.54
95.56
75.28
176.4
196.61
212.0
159.28
267.0
95.54
95.56
75.28
176.4
192.57
212.0
159.28
267.0
95.54
95.56
75.28
176.4
189.34
212.0
159.28
267.0
95.54
95.56
75.28
176.4
186.75
212.0
159.28
267.0
95.54
95.56
75.28
176.4
184.68
212.0
159.28
267.0
95.54
95.56
75.28
176.4
183.02
212.0
159.28
267.0
95.54
95.56
75.28
176.4
181.7
212.0
159.28
267.0
95.54
95.56
75.28
176.4
180.64
212.0
142.48
267.0
95.54
95.56
75.28
176.4
179.79
212.0
129.04
267.0
95.54
95.56
75.28
176.4
179.11
212.0
118.29
267.0
95.54
95.56
75.28
176.4
178.57
212.0
109.69
267.0
95.54
95.56
75.28
176.4
178.14
212.0
102.81
267.0
95.54
95.56
75.28
176.4
177.79
212.0
97.3
267.0
95.54
95.56
75.28
176.4
177.51
212.0
92.9
267.0
95.54
95.56
75.28
176.4
177.29
212.0
89.38
267.0
95.54
95.56
75.28
176.4
177.11
212.0
86.56
267.0
95.54
95.56
75.28
176.4
176.97
212.0
84.3
267.0
95.54
95.56
75.28
176.4
176.86
212.0
82.5
267.0
95.54
95.56
75.28
176.4
176.77
212.0
101.28
267.0
95.54
95.56
75.28
176.4
176.7
212.0
116.3
267.0
95.54
95.56
75.28
176.4
176.64
212.0
128.32
267.0
95.54
95.56
75.28
176.4
176.59
212.0
137.94
267.0
95.54
95.56
75.28
176.4
176.55
212.0
145.63
267.0
95.54
95.56
75.28
176.4
176.52
212.0
151.78
267.0
95.54
95.56
75.28
176.4
176.5
212.0
156.7
267.0
95.54
95.56
75.28
176.4
176.48
212.0
160.64
267.0
95.54
95.56
75.28
176.4
176.46
212.0
163.79
267.0
95.54
95.56
75.28
176.4
176.45
212.0
166.31
267.0
95.54
95.56
75.28
176.4
176.44
212.0
168.33
267.0
95.54
95.56
75.28
176.4
176.43
212.0
169.94
267.0
95.54
95.56
75.28
176.4
176.42
212.0
171.23
267.0
95.54
95.56
75.28
176.4
176.42
212.0
172.26
267.0
95.54
95.56
75.28
176.4
176.42
212.0
172.26
267.0
95.54
95.56
75.28
176.4
176.42
212.0
172.26
267.0
95.54
95.56
75.28
176.4
176.42
212.0
172.26
267.0
95.54
95.56
75.28
176.4
176.42
212.0
172.26
267.0
95.54
95.56
75.28
176.4
176.42
212.0
172.26
267.0
95.54
95.56
75.28
176.4
176.42
212.0
172.26
267.0
95.54
95.56
75.28
176.4
176.42
212.0
172.26
267.0
95.54
95.56
75.28
176.4
176.42
212.0
172.26
267.0
95.54
95.56
75.28
176.4
176.42
212.0
172.26
267.0
95.54
95.56
75.28
176.4
176.42
212.0
172.26
267.0
95.54
95.56
75.28
176.4
176.42
212.0
172.26
267.0
95.54
95.56
75.28
176.4
176.42
212.0
172.26
267.0
95.54
95.56
75.28
176.4
176.42
212.0
172.26
267.0
95.54
95.56
75.28
176.4
176.42
212.0
172.26
267.0
95.54
95.56
75.28
176.4
176.42
212.0
172.26
267.0
95.54
95.56
75.28
176.4
176.42
212.0
172.26
267.0
95.54
95.56
75.28
176.4
176.42
212.0
172.26
267.0
95.54
95.56
75.28
176.4
176.42
212.0
172.26
267.0
95.54
95.56
75.28
176.4
176.42
212.0
172.26
267.0
95.54
95.56
75.28
176.4
176.42
212.0
172.26
267.0
95.54
95.56
75.28
176.4
176.42
212.0
172.26
267.0
95.54
95.56
75.28
176.4
176.42
212.0
172.26
267.0
95.54
95.56
75.28
176.4
176.42
212.0
172.26
267.0
95.54
95.56
75.28
176.4
176.42
212.0
172.26
267.0
95.54
95.56
75.28
176.4
176.42
212.0
172.26
267.0
95.54
95.56
75.28
176.4
176.42
212.0
172.26
267.0
95.54
95.56
75.28
176.4
176.42
212.0
172.26
267.0
95.54
95.56
75.28
176.4
176.42
212.0
172.26
267.0
95.54
95.56
75.28
176.4
176.42
212.0
172.26
267.0
95.54
95.56
75.28
176.4
176.42
212.0
172.26
267.0
95.54
95.56
75.28
176.4
176.42
212.0
172.26
267.0
95.54
95.56
75.28
176.4
176.42
212.0
172.26
267.0
95.54
95.56
75.28
176.4
176.42
212.0
172.26
267.0
95.54
95.56
75.28
176.4
176.42
212.0
172.26
267.0
95.54
95.56
75.28
176.4
176.42
212.0
172.26
267.0
95.54
95.56
75.28
176.4
176.42
212.0
172.26
267.0
95.54
95.56
75.28
176.4
176.42
212.0
172.26
267.0
95.54
95.56
75.28
176.4
176.42
212.0
172.26
267.0
95.54
95.56
75.28
176.4
176.42
212.0
172.26
267.0
95.54
95.56
75.28
176.4
176.42
212.0
172.26
267.0
95.54
95.56
75.28
176.4
176.42
212.0
172.26
267.0
95.54
95.56
75.28
176.4
176.42
212.0
172.26
267.0
95.54
95.56
75.28
176.4
176.42
212.0
172.26
267.0
95.54
95.56
75.28
176.4
176.42
212.0
172.26
267.0
95.54
95.56
75.28
176.4
176.42
212.0
172.26
267.0
95.54
95.56
75.28
176.4
176.42
212.0
172.26
267.0
95.54
95.56
75.28
176.4
176.42
212.0
172.26
267.0
95.54
95.56
75.28
176.4
176.42
212.0
172.26
267.0
95.54
95.56
75.28
176.4
176.42
212.0
172.26
267.0
95.54
95.56
75.28
176.4
176.42
212.0
172.26
267.0
95.54
95.56
75.28
176.4
176.42
212.0
172.26
267.0
95.54
95.56
75.28
176.4
176.42
212.0
172.26
267.0
95.54
95.56
75.28
176.4
176.42
212.0
172.26
267.0
95.54
95.56
75.28
176.4
176.42
212.0
172.26
267.0
95.54
95.56
75.28
176.4
176.42
212.0
172.26
267.0
95.54
95.56
75.28
176.4
176.42
212.0
172.26
267.0
95.54
95.56
75.28
176.4
176.42
212.0
172.26
267.0
95.54
95.56
75.28
176.4
176.42
212.0
172.26
267.0
95.54
95.56
75.28
176.4
176.42
212.0
172.26
267.0
95.54
95.56
75.28
176.4
176.42
212.0
172.26
267.0
95.54
95.56
75.28
176.4
176.42
212.0
172.26
267.0
95.54
95.56
75.28
176.4
176.42
212.0
172.26
267.0
95.54
95.56
75.28
176.4
176.42
212.0
172.26
267.0
95.54
95.56
75.28
176.4
176.42
212.0
172.26
267.0
95.54
95.56
75.28
176.4
176.42
212.0
172.26
267.0
95.54
95.56
75.28
176.4
176.42
212.0
172.26
267.0
95.54
95.56
75.28
176.4
176.42
212.0
172.26
267.0
95.54
95.56
75.28
176.4
176.42
212.0
172.26
267.0
95.54
95.56
75.28
176.4
176.42
212.0
172.26
267.0
95.54
95.56
75.28
176.4
176.42
212.0
172.26
267.0
95.54
95.56
75.28
176.4
176.42
212.0
172.26
267.0
95.54
95.56
75.28
176.4
176.42
212.0
172.26
267.0
95.54
95.56
75.28
176.4
176.42
212.0
172.26
267.0
95.54
95.56
75.28
176.4
176.42
212.0
172.26
267.0
95.54
95.56
75.28
176.4
176.42
212.0
172.26
267.0
95.54
95.56
75.28
176.4
176.42
212.0
172.26
267.0
95.54
95.56
75.28
176.4
156.19
212.0
152.86
267.0
95.54
95.56
75.28
176.4
140.01
212.0
137.34
267.0
95.54
95.56
75.28
176.4
127.06
212.0
124.93
267.0
95.54
95.56
75.28
176.4
116.7
212.0
115.0
267.0
95.54
95.56
75.28
176.4
108.42
212.0
107.06
267.0
95.54
95.56
75.28
176.4
101.79
212.0
100.7
267.0
95.54
95.56
75.28
176.4
96.49
212.0
95.62
267.0
95.54
95.56
75.28
176.4
92.25
212.0
91.55
267.0
95.54
95.56
75.28
176.4
88.86
212.0
88.3
267.0
95.54
95.56
75.28
176.4
86.14
212.0
85.7
267.0
95.54
95.56
75.28
176.4
83.97
212.0
83.62
267.0
95.54
95.56
75.28
176.4
82.23
212.0
81.95
267.0
95.54
95.56
75.28
176.4
80.84
212.0
80.62
267.0
95.54
95.56
75.28
176.4
79.73
204.88
79.55
267.0
95.54
95.56
75.28
176.4
78.84
199.18
78.7
267.0
95.54
95.56
75.28
176.4
78.13
194.62
78.02
267.0
95.54
95.56
75.28
176.4
77.56
190.98
77.47
267.0
95.54
95.56
75.28
176.4
77.1
188.06
77.03
267.0
95.54
95.56
75.28
176.4
76.74
185.73
76.68
267.0
95.54
95.56
75.28
176.4
76.45
183.86
76.4
267.0
95.54
95.56
75.28
176.4
76.22
182.37
76.18
267.0
95.54
95.56
75.28
176.4
76.03
181.18
76.0
267.0
95.54
95.56
75.28
176.4
75.88
180.22
75.86
267.0
95.54
95.56
75.28
176.4
75.76
179.46
75.74
267.0
95.54
95.56
75.28
176.4
75.66
178.85
75.65
267.0
95.54
95.56
75.28
176.4
75.58
178.36
75.58
267.0
95.54
95.56
75.28
176.4
75.52
177.97
75.52
267.0
95.54
95.56
75.28
176.4
75.47
177.66
75.47
267.0
95.54
95.56
75.28
176.4
75.43
177.41
75.43
267.0
95.54
95.56
75.28
176.4
75.4
177.21
75.4
267.0
95.54
95.56
75.28
176.4
75.38
177.05
75.38
267.0
95.54
95.56
75.28
176.4
75.36
176.92
75.36
267.0
95.54
95.56
75.28
176.4
75.34
176.82
75.34
267.0
95.54
95.56
75.28
176.4
75.33
176.74
75.33
267.0
95.54
95.56
75.28
176.4
75.32
176.67
75.32
267.0
95.54
95.56
75.28
176.4
75.31
176.62
75.31
267.0
95.54
95.56
75.28
176.4
75.3
176.58
75.3
267.0
95.54
95.56
75.28
176.4
75.3
176.54
75.3
267.0
95.54
95.56
75.28
176.4
75.3
176.51
75.3
267.0
95.54
95.56
75.28
176.4
75.3
176.49
75.3
267.0
95.54
95.56
75.28
176.4
75.3
176.47
75.3
267.0
95.54
95.56
75.28
176.4
75.3
176.46
75.3
267.0
95.54
95.56
75.28
176.4
75.3
176.45
75.3
267.0
95.54
95.56
75.28
176.4
75.3
176.44
75.3
267.0
95.54
95.56
75.28
176.4
75.3
176.43
75.3
267.0
95.54
95.56
75.28
176.4
75.3
176.42
75.3
267.0
95.54
95.56
75.28
176.4
75.3
176.42
75.3
267.0
95.54
95.56
75.28
176.4
75.3
176.42
75.3
267.0
95.54
95.56
75.28
176.4
75.3
176.42
75.3
267.0
95.54
95.56
75.28
176.4
75.3
160.24
75.3
267.0
95.54
95.56
75.28
176.4
75.3
150.53
75.3
267.0
95.54
95.56
75.28
176.4
75.3
144.71
75.3
267.0
95.54
95.56
75.28
176.4
75.3
141.21
75.3
267.0
95.54
95.56
75.28
176.4
75.3
139.11
75.3
267.0
95.54
95.56
75.28
176.4
75.3
130.4
75.3
267.0
95.54
95.56
75.28
176.4
75.3
123.43
75.3
267.0
95.54
95.56
75.28
176.4
75.3
117.85
75.3
267.0
95.54
95.56
75.28
176.4
75.3
113.39
75.3
267.0
95.54
95.56
75.28
176.4
75.3
109.82
75.3
267.0
95.54
95.56
75.28
176.4
75.3
106.96
75.3
267.0
95.54
95.56
75.28
176.4
75.3
104.68
75.3
267.0
95.54
95.56
75.28
176.4
75.3
102.85
75.3
267.0
95.54
95.56
75.28
176.4
75.3
101.39
75.3
267.0
95.54
95.56
75.28
176.4
75.3
100.22
75.3
267.0
95.54
95.56
75.28
176.4
75.3
99.28
75.3
267.0
95.54
95.56
75.28
176.4
75.3
98.53
75.3
267.0
95.54
95.56
75.28
176.4
75.3
97.93
75.3
267.0
95.54
95.56
75.28
176.4
75.3
97.45
75.3
267.0
95.54
95.56
75.28
176.4
75.3
97.07
75.3
267.0
95.54
95.56
75.28
176.4
75.3
96.76
75.3
267.0
95.54
95.56
75.28
176.4
75.3
96.52
75.3
267.0
95.54
95.56
75.28
176.4
75.3
96.32
75.3
267.0
95.54
95.56
75.28
176.4
75.3
96.16
75.3
267.0
95.54
95.56
75.28
176.4
75.3
96.04
75.3
267.0
95.54
95.56
75.28
176.4
75.3
95.94
75.3
267.0
95.54
95.56
75.28
176.4
75.3
95.86
75.3
267.0
95.54
95.56
75.28
176.4
75.3
95.8
75.3
267.0
95.54
95.56
75.28
176.4
75.3
95.75
75.3
267.0
95.54
95.56
75.28
176.4
75.3
95.71
75.3
267.0
95.54
95.56
75.28
176.4
75.3
95.68
75.3
267.0
95.54
95.56
75.28
176.4
75.3
95.65
75.3
267.0
95.54
95.56
75.28
176.4
75.3
95.63
75.3
267.0
95.54
95.56
75.28
176.4
75.3
95.61
75.3
267.0
95.54
95.56
75.28
176.4
75.3
95.6
75.3
267.0
95.54
95.56
75.28
176.4
75.3
95.59
75.3
267.0
95.54
95.56
75.28
176.4
75.3
95.58
75.3
267.0
95.54
95.56
75.28
176.4
75.3
95.57
75.3
267.0
95.54
95.56
75.28
176.4
75.3
95.56
75.3
267.0
95.54
95.56
75.28
176.4
75.3
95.56
75.3
267.0
95.54
95.56
75.28
176.4
75.3
95.56
75.3
267.0
95.54
95.56
75.28
176.4
75.3
95.56
75.3
267.0
95.54
95.56
75.28
176.4
75.3
95.56
75.3
267.0
95.54
95.56
75.28
176.4
75.3
95.56
75.3
267.0
95.54
95.56
75.28
176.4
75.3
95.56
75.3
267.0
95.54
95.56
75.28
176.4
75.3
95.56
75.3
267.0
95.54
95.56
75.28
176.4
75.3
95.56
75.3
267.0
95.54
95.56
75.28
176.4
75.3
95.56
75.3
267.0
95.54
95.56
75.28
176.4
75.3
95.56
75.3
267.0
95.54
95.56
75.28
176.4
75.3
95.56
75.3
267.0
95.54
95.56
75.28
176.4
75.3
95.56
75.3
267.0
95.54
111.72
75.28
163.46
75.3
95.56
75.3
267.0
98.78
119.48
75.28
154.66
75.3
96.2
75.3
267.0
102.92
123.2
75.28
148.37
75.3
97.54
75.3
267.0
106.98
124.99
75.28
143.69
75.3
99.43
75.3
267.0
110.58
125.85
82.34
140.12
76.71
101.66
76.71
267.0
107.99
125.13
87.47
137.12
78.86
102.93
78.86
267.0
107.31
123.96
91.44
134.49
81.38
103.81
81.38
267.0
107.47
122.77
94.65
132.15
84.03
104.54
84.03
267.0
107.97
121.69
97.31
130.06
86.69
105.23
86.69
267.0
108.58
120.74
99.56
128.2
89.26
105.9
89.26
267.0
109.21
119.93
101.49
126.55
91.71
106.56
91.71
267.0
109.81
119.23
103.15
125.09
94.0
107.21
94.0
267.0
110.36
118.63
104.59
123.8
96.12
107.84
96.12
267.0
124.6
174.0
302.52
48.0
176.0
57.72
340.5
116.0
160.18
174.0
274.05
48.0
176.0
78.21
327.21
116.0
182.95
174.0
255.83
48.0
176.0
99.16
312.93
116.0
197.53
174.0
244.17
48.0
176.0
118.83
299.18
116.0
206.86
174.0
236.71
48.0
176.0
136.44
286.69
116.0
212.83
174.0
231.93
48.0
176.0
151.72
275.74
116.0
216.65
174.0
228.87
48.0
176.0
164.71
266.37
116.0
219.09
174.0
226.91
48.0
176.0
175.59
258.48
116.0
220.65
174.0
225.66
48.0
176.0
184.6
251.92
116.0
221.65
174.0
224.86
48.0
176.0
192.01
246.51
116.0
222.29
174.0
224.35
48.0
176.0
198.07
242.08
116.0
222.7
174.0
224.02
48.0
176.0
203.0
238.47
116.0
222.96
174.0
223.81
48.0
176.0
206.99
235.54
116.0
223.13
174.0
223.67
48.0
176.0
210.22
233.17
116.0
223.24
174.0
223.58
48.0
176.0
212.82
231.25
116.0
223.31
174.0
223.53
48.0
176.0
214.92
229.71
116.0
223.35
174.0
223.49
48.0
176.0
216.61
228.47
116.0
223.38
174.0
223.47
48.0
176.0
217.96
227.47
116.0
223.4
174.0
223.46
48.0
176.0
219.05
226.67
116.0
223.41
174.0
223.45
48.0
176.0
219.92
226.03
116.0
223.42
174.0
223.44
48.0
176.0
220.62
225.51
116.0
223.42
174.0
223.44
48.0
176.0
221.18
225.1
116.0
223.42
174.0
223.44
48.0
176.0
221.63
224.77
116.0
223.42
174.0
223.44
48.0
176.0
221.99
224.5
116.0
223.42
174.0
223.44
48.0
176.0
222.28
224.29
116.0
223.42
174.0
223.44
48.0
176.0
222.51
224.12
116.0
223.42
174.0
223.44
48.0
176.0
222.69
223.98
116.0
223.42
174.0
223.44
48.0
176.0
222.84
223.87
116.0
223.42
174.0
223.44
48.0
176.0
222.96
223.78
116.0
223.42
174.0
223.44
48.0
176.0
223.05
223.71
116.0
223.42
174.0
223.44
48.0
176.0
223.12
223.66
116.0
223.42
174.0
223.44
48.0
176.0
223.18
223.62
116.0
223.42
174.0
223.44
48.0
176.0
223.23
223.58
116.0
223.42
174.0
223.44
48.0
176.0
223.27
223.55
116.0
223.42
174.0
223.44
48.0
176.0
223.3
223.53
116.0
223.42
174.0
223.44
48.0
176.0
223.32
223.51
116.0
223.42
174.0
223.44
48.0
176.0
223.34
223.5
116.0
223.42
174.0
223.44
48.0
176.0
223.36
223.49
116.0
223.42
174.0
223.44
48.0
176.0
223.37
223.48
116.0
223.42
174.0
223.44
48.0
176.0
223.38
223.47
116.0
223.42
174.0
223.44
48.0
176.0
223.39
223.46
116.0
223.42
174.0
223.44
48.0
176.0
223.4
223.46
116.0
223.42
174.0
223.44
48.0
176.0
223.4
223.46
116.0
223.42
174.0
223.44
48.0
176.0
223.4
223.46
116.0
223.42
174.0
223.44
48.0
176.0
223.4
223.46
116.0
223.42
174.0
223.44
48.0
176.0
223.4
223.46
116.0
223.42
174.0
223.44
48.0
176.0
223.4
223.46
116.0
223.42
174.0
223.44
48.0
150.4
223.4
223.46
116.0
223.42
174.0
223.44
48.0
129.92
223.4
223.46
116.0
223.42
174.0
223.44
48.0
113.54
223.4
223.46
116.0
223.42
174.0
223.44
48.0
100.43
223.4
223.46
116.0
223.42
174.0
223.44
48.0
89.94
223.4
223.46
116.0
223.42
174.0
223.44
48.0
81.55
223.4
223.46
116.0
223.42
174.0
223.44
48.0
74.84
223.4
223.46
116.0
223.42
174.0
223.44
48.0
69.47
223.4
223.46
116.0
223.42
174.0
223.44
48.0
65.18
223.4
223.46
116.0
223.42
174.0
223.44
48.0
61.74
223.4
223.46
116.0
223.42
174.0
223.44
48.0
58.99
223.4
223.46
116.0
223.42
174.0
223.44
48.0
56.79
223.4
223.46
116.0
223.42
174.0
223.44
48.0
55.03
223.4
223.46
116.0
223.42
174.0
223.44
48.0
53.62